TCGA-E9-A226-01Z-00-DX1 0.7166 0.2834 0
TCGA-A2-A04N-01Z-00-DX1 0.9731 0.0269 0
TCGA-C8-A130-01Z-00-DX1 0.9224 0.0776 0
TCGA-AR-A251-01Z-00-DX1 0.7240 0.2760 1
TCGA-A2-A3XZ-01Z-00-DX1 0.7601 0.2399 1
TCGA-C8-A12T-01Z-00-DX1 0.7748 0.2252 0
TCGA-E2-A15A-01Z-00-DX1 0.4892 0.5108 1
TCGA-AO-A1KS-01Z-00-DX1 0.8040 0.1960 0
TCGA-D8-A1JD-01Z-00-DX1 0.8284 0.1716 0
TCGA-A2-A0T3-01Z-00-DX1 0.5218 0.4782 1
TCGA-BH-A1FG-01Z-00-DX1 0.8579 0.1421 0
TCGA-A7-A13H-01Z-00-DX2 0.4599 0.5401 0
TCGA-EW-A2FR-01Z-00-DX1 0.6505 0.3495 0
TCGA-AC-A2FB-01Z-00-DX1 0.4107 0.5893 1
TCGA-A7-A13H-01Z-00-DX1 0.7595 0.2405 0
TCGA-A2-A0YF-01Z-00-DX1 0.5451 0.4549 1
TCGA-A8-A09X-01Z-00-DX1 0.7212 0.2788 0
TCGA-D8-A27T-01Z-00-DX2 0.8448 0.1552 0
TCGA-D8-A27T-01Z-00-DX1 0.8235 0.1765 0
TCGA-A2-A0YK-01Z-00-DX1 0.1380 0.8620 1
TCGA-E2-A1IF-01Z-00-DX1 0.5359 0.4641 0
TCGA-E9-A1R3-01Z-00-DX1 0.8074 0.1926 0
TCGA-BH-A18R-01Z-00-DX1 0.8075 0.1925 0
TCGA-AR-A1AT-01Z-00-DX1 0.6441 0.3559 1
TCGA-AR-A0U4-01Z-00-DX1 0.7877 0.2123 0
TCGA-AR-A1AY-01Z-00-DX1 0.7477 0.2523 0
TCGA-LL-A740-01Z-00-DX1 0.6792 0.3208 0
TCGA-A7-A4SC-01Z-00-DX1 0.4765 0.5235 1
TCGA-AO-A0J2-01Z-00-DX1 0.3530 0.6470 0
TCGA-A8-A06N-01Z-00-DX1 0.8470 0.1530 0
TCGA-AC-A2QI-01Z-00-DX1 0.2200 0.7800 1
TCGA-A2-A0EN-01Z-00-DX1 0.8802 0.1198 0
TCGA-BH-A0BD-01Z-00-DX1 0.6880 0.3120 0
TCGA-B6-A0IH-01Z-00-DX1 0.5713 0.4287 0
TCGA-BH-A18H-01Z-00-DX1 0.5980 0.4020 0
TCGA-BH-A0DO-01Z-00-DX1 0.7084 0.2916 0
TCGA-A2-A0ES-01Z-00-DX1 0.5041 0.4959 0
TCGA-A8-A0A4-01Z-00-DX1 0.4206 0.5794 0
TCGA-AR-A2LH-01Z-00-DX1 0.3794 0.6206 0
TCGA-A2-A0CM-01Z-00-DX1 0.9125 0.0875 0
TCGA-E9-A2JT-01Z-00-DX1 0.1950 0.8050 1
TCGA-B6-A0WY-01Z-00-DX1 0.8494 0.1506 0
TCGA-C8-A1HF-01Z-00-DX1 0.8756 0.1244 0
TCGA-A2-A0EX-01Z-00-DX1 0.7788 0.2212 0
TCGA-A2-A0CR-01Z-00-DX1 0.5633 0.4367 1
TCGA-AC-A2FO-01Z-00-DX1 0.1478 0.8522 0
TCGA-AR-A2LM-01Z-00-DX1 0.4015 0.5985 1
TCGA-A1-A0SI-01Z-00-DX1 0.6851 0.3149 0
TCGA-A2-A25D-01Z-00-DX1 0.8820 0.1180 0
TCGA-AC-A2BM-01Z-00-DX1 0.5579 0.4421 1
TCGA-LL-A441-01Z-00-DX1 0.6446 0.3554 0
TCGA-BH-A0B5-01Z-00-DX1 0.5383 0.4617 0
TCGA-C8-A26X-01Z-00-DX1 0.8150 0.1850 0
TCGA-AR-A24N-01Z-00-DX1 0.8131 0.1869 0
TCGA-GM-A3XG-01Z-00-DX1 0.6770 0.3230 0
TCGA-A7-A13F-01Z-00-DX1 0.7315 0.2685 0
TCGA-E2-A15D-01Z-00-DX1 0.8024 0.1976 0
TCGA-AC-A23G-01Z-00-DX1 0.2763 0.7237 1
TCGA-A8-A09V-01Z-00-DX1 0.8411 0.1589 0
TCGA-A8-A07P-01Z-00-DX1 0.6729 0.3271 0
TCGA-E2-A1II-01Z-00-DX1 0.4278 0.5722 1
TCGA-GM-A3NY-01Z-00-DX1 0.5181 0.4819 1
TCGA-E2-A150-01Z-00-DX1 0.8151 0.1849 0
TCGA-D8-A1J8-01Z-00-DX2 0.9015 0.0985 1
TCGA-E2-A14T-01Z-00-DX1 0.9125 0.0875 0
TCGA-E9-A1QZ-01Z-00-DX1 0.3369 0.6631 1
TCGA-AR-A0U2-01Z-00-DX1 0.7897 0.2103 1
TCGA-E9-A1N4-01Z-00-DX1 0.8946 0.1054 0
TCGA-JL-A3YX-01Z-00-DX1 0.8240 0.1760 0
TCGA-A7-A4SA-01Z-00-DX1 0.4377 0.5623 0
TCGA-A8-A093-01Z-00-DX1 0.5127 0.4873 0
TCGA-E2-A109-01Z-00-DX1 0.7577 0.2423 0
TCGA-A8-A06Q-01Z-00-DX1 0.8275 0.1725 0
TCGA-LL-A50Y-01Z-00-DX1 0.6091 0.3909 0
TCGA-B6-A0IK-01Z-00-DX1 0.8124 0.1876 1
TCGA-OL-A66P-01Z-00-DX1 0.8313 0.1687 0
TCGA-AR-A2LK-01Z-00-DX1 0.3703 0.6297 0
TCGA-AC-A2FM-01Z-00-DX1 0.7560 0.2440 1
TCGA-BH-A0GZ-01Z-00-DX1 0.7746 0.2254 0
TCGA-BH-A42T-01Z-00-DX1 0.6002 0.3998 0
TCGA-AC-A3QP-01Z-00-DX1 0.1713 0.8287 1
TCGA-E9-A243-01Z-00-DX1 0.6783 0.3217 0
TCGA-A2-A0CU-01Z-00-DX1 0.8967 0.1033 0
TCGA-E9-A227-01Z-00-DX1 0.7356 0.2644 1
TCGA-A8-A08H-01Z-00-DX1 0.5636 0.4364 0
TCGA-C8-A12K-01Z-00-DX1 0.9873 0.0127 0
TCGA-E2-A158-01Z-00-DX1 0.8434 0.1566 0
TCGA-BH-A0B3-01Z-00-DX1 0.6304 0.3696 0
TCGA-C8-A26V-01Z-00-DX1 0.7277 0.2723 0
TCGA-AO-A1KO-01Z-00-DX1 0.5499 0.4501 1
TCGA-C8-A12P-01Z-00-DX1 0.7141 0.2859 0
TCGA-AR-A24Q-01Z-00-DX1 0.7321 0.2679 0
TCGA-A2-A0T4-01Z-00-DX1 0.2014 0.7986 1
TCGA-A8-A09T-01Z-00-DX1 0.7453 0.2547 0
TCGA-BH-A0EE-01Z-00-DX1 0.9038 0.0962 0
TCGA-EW-A2FS-01Z-00-DX1 0.7980 0.2020 0
TCGA-A2-A0YG-01Z-00-DX1 0.3265 0.6735 1
TCGA-AC-A3W5-01Z-00-DX1 0.4894 0.5106 0
TCGA-AC-A3TN-01Z-00-DX1 0.5230 0.4770 0
TCGA-D8-A140-01Z-00-DX1 0.7035 0.2965 0
TCGA-E2-A1IL-01Z-00-DX1 0.3216 0.6784 1
TCGA-BH-A1ES-01Z-00-DX1 0.7544 0.2456 0
TCGA-E2-A1L8-01Z-00-DX1 0.4627 0.5373 1
TCGA-E2-A14R-01Z-00-DX1 0.7494 0.2506 0
TCGA-BH-A0E6-01Z-00-DX1 0.7150 0.2850 0
TCGA-BH-A18N-01Z-00-DX1 0.7130 0.2870 0
TCGA-B6-A0RQ-01Z-00-DX1 0.4451 0.5549 1
TCGA-EW-A1J3-01Z-00-DX1 0.8179 0.1821 1
TCGA-AR-A1AU-01Z-00-DX1 0.8762 0.1238 0
TCGA-AR-A0TT-01Z-00-DX1 0.8270 0.1730 0
TCGA-AQ-A1H2-01Z-00-DX1 0.5487 0.4513 0
TCGA-D8-A27F-01Z-00-DX1 0.7876 0.2124 0
TCGA-EW-A1IW-01Z-00-DX1 0.7284 0.2716 0
TCGA-AC-A5XS-01Z-00-DX1 0.1831 0.8169 1
TCGA-EW-A1P1-01Z-00-DX1 0.8390 0.1610 0
TCGA-EW-A423-01Z-00-DX2 0.8478 0.1522 0
TCGA-EW-A423-01Z-00-DX1 0.8733 0.1267 0
TCGA-E9-A22D-01Z-00-DX1 0.9027 0.0973 0
TCGA-A7-A3RF-01Z-00-DX1 0.7211 0.2789 0
TCGA-BH-A0DP-01Z-00-DX1 0.6419 0.3581 0
TCGA-BH-A0E1-01Z-00-DX1 0.9440 0.0560 0
TCGA-OL-A66N-01Z-00-DX1 0.5917 0.4083 0
TCGA-B6-A1KN-01Z-00-DX1 0.8740 0.1260 0
TCGA-AC-A2FK-01Z-00-DX1 0.3112 0.6888 1
TCGA-A8-A06Y-01Z-00-DX1 0.8547 0.1453 0
TCGA-AR-A2LN-01Z-00-DX1 0.3501 0.6499 0
TCGA-AR-A1AP-01Z-00-DX1 0.2554 0.7446 1
TCGA-A2-A25E-01Z-00-DX1 0.8882 0.1118 0
TCGA-B6-A0I5-01Z-00-DX1 0.8449 0.1551 0
TCGA-AN-A0FF-01Z-00-DX1 0.8561 0.1439 0
TCGA-A8-A091-01Z-00-DX1 0.9865 0.0135 0
TCGA-AO-A1KR-01Z-00-DX1 0.8515 0.1485 1
TCGA-AR-A255-01Z-00-DX1 0.3828 0.6172 0
TCGA-E9-A1RA-01Z-00-DX1 0.8141 0.1859 0
TCGA-A7-A13G-01Z-00-DX2 0.9081 0.0919 0
TCGA-AC-A23H-01Z-00-DX1 0.7801 0.2199 0
TCGA-A7-A13G-01Z-00-DX1 0.9270 0.0730 0
TCGA-A2-A0SV-01Z-00-DX1 0.9557 0.0443 0
TCGA-E9-A1RF-01Z-00-DX1 0.6674 0.3326 0
TCGA-A8-A09W-01Z-00-DX1 0.6866 0.3134 0
TCGA-AO-A03O-01Z-00-DX1 0.8003 0.1997 1
TCGA-E2-A1B1-01Z-00-DX1 0.8082 0.1918 0
TCGA-E2-A1IE-01Z-00-DX1 0.3693 0.6307 0
TCGA-E9-A1ND-01Z-00-DX1 0.9045 0.0955 0
TCGA-E2-A14P-01Z-00-DX1 0.6330 0.3670 0
TCGA-D8-A1J9-01Z-00-DX2 0.8771 0.1229 0
TCGA-E9-A1R2-01Z-00-DX1 0.6485 0.3515 0
TCGA-GM-A2DB-01Z-00-DX1 0.8539 0.1461 0
TCGA-D8-A1J9-01Z-00-DX1 0.7350 0.2650 0
TCGA-B6-A0RO-01Z-00-DX1 0.6821 0.3179 0
TCGA-BH-A0DX-01Z-00-DX1 0.5014 0.4986 0
TCGA-BH-A0E9-01Z-00-DX1 0.3326 0.6674 1
TCGA-BH-A0BR-01Z-00-DX1 0.7494 0.2506 0
TCGA-AO-A0JJ-01Z-00-DX1 0.6569 0.3431 0
TCGA-C8-A1HO-01Z-00-DX1 0.8220 0.1780 0
TCGA-AR-A1AX-01Z-00-DX1 0.8288 0.1712 0
TCGA-D8-A1Y0-01Z-00-DX1 0.5536 0.4464 0
TCGA-A8-A07L-01Z-00-DX1 0.6299 0.3701 0
TCGA-BH-A0HP-01Z-00-DX1 0.1982 0.8018 1
TCGA-A8-A094-01Z-00-DX1 0.6495 0.3505 1
TCGA-BH-A0DD-01Z-00-DX1 0.8508 0.1492 0
TCGA-D8-A1X6-01Z-00-DX2 0.9139 0.0861 0
TCGA-BH-A0DI-01Z-00-DX1 0.3284 0.6716 1
TCGA-E9-A22G-01Z-00-DX1 0.7573 0.2427 1
TCGA-AN-A0FS-01Z-00-DX1 0.5693 0.4307 0
TCGA-A8-A08X-01Z-00-DX1 0.7414 0.2586 1
TCGA-A2-A0SY-01Z-00-DX1 0.3868 0.6132 1
TCGA-E9-A3X8-01Z-00-DX1 0.6449 0.3551 0
TCGA-AN-A0FX-01Z-00-DX1 0.7986 0.2014 0
TCGA-B6-A0X4-01Z-00-DX1 0.9333 0.0667 0
TCGA-A7-A3J1-01Z-00-DX1 0.2622 0.7378 1
TCGA-AR-A2LL-01Z-00-DX1 0.4921 0.5079 1
TCGA-B6-A0IQ-01Z-00-DX1 0.8843 0.1157 0
TCGA-AR-A1AN-01Z-00-DX1 0.9319 0.0681 0
TCGA-A7-A3IZ-01Z-00-DX1 0.5824 0.4176 0
TCGA-A1-A0SM-01Z-00-DX1 0.7107 0.2893 0
TCGA-BH-A203-01Z-00-DX1 0.8251 0.1749 0
TCGA-LL-A440-01Z-00-DX1 0.7668 0.2332 0
TCGA-BH-A0B4-01Z-00-DX1 0.7553 0.2447 0
TCGA-C8-A278-01Z-00-DX1 0.8439 0.1561 0
TCGA-B6-A0I8-01Z-00-DX1 0.5781 0.4219 0
TCGA-AC-A62Y-01Z-00-DX1 0.6907 0.3093 0
TCGA-C8-A12Q-01Z-00-DX1 0.8930 0.1070 0
TCGA-A7-A0D9-01Z-00-DX2 0.9108 0.0892 0
TCGA-AR-A24R-01Z-00-DX1 0.6864 0.3136 0
TCGA-AN-A0FN-01Z-00-DX1 0.5839 0.4161 0
TCGA-E2-A15C-01Z-00-DX1 0.5350 0.4650 1
TCGA-GM-A2DO-01Z-00-DX1 0.8137 0.1863 0
TCGA-D8-A1Y3-01Z-00-DX2 0.9007 0.0993 0
TCGA-D8-A3Z5-01Z-00-DX3 0.7803 0.2197 0
TCGA-D8-A3Z5-01Z-00-DX2 0.6548 0.3452 0
TCGA-D8-A3Z5-01Z-00-DX1 0.4585 0.5415 1
TCGA-A8-A07O-01Z-00-DX1 0.7534 0.2466 0
TCGA-AC-A2B8-01Z-00-DX1 0.2341 0.7659 0
TCGA-A8-A09Z-01Z-00-DX1 0.9657 0.0343 0
TCGA-D8-A1JP-01Z-00-DX1 0.7387 0.2613 0
TCGA-BH-A0H7-01Z-00-DX1 0.5419 0.4581 0
TCGA-LQ-A4E4-01Z-00-DX1 0.2254 0.7746 1
TCGA-A2-A1FX-01Z-00-DX1 0.8146 0.1854 0
TCGA-E2-A154-01Z-00-DX1 0.5602 0.4398 0
TCGA-AN-A0AR-01Z-00-DX1 0.5856 0.4144 1
TCGA-A2-A3KC-01Z-00-DX1 0.4374 0.5626 0
TCGA-AR-A24H-01Z-00-DX1 0.6773 0.3227 0
TCGA-BH-A0DV-01Z-00-DX1 0.5682 0.4318 0
TCGA-BH-A0BP-01Z-00-DX1 0.6489 0.3511 0
TCGA-BH-A0C1-01Z-00-DX1 0.4187 0.5813 0
TCGA-OK-A5Q2-01Z-00-DX4 0.5272 0.4728 0
TCGA-AR-A0TP-01Z-00-DX1 0.8211 0.1789 0
TCGA-OK-A5Q2-01Z-00-DX3 0.4521 0.5479 0
TCGA-OK-A5Q2-01Z-00-DX2 0.4380 0.5620 1
TCGA-OK-A5Q2-01Z-00-DX1 0.2541 0.7459 1
TCGA-AR-A1AV-01Z-00-DX1 0.6890 0.3110 0
TCGA-BH-A0EA-01Z-00-DX1 0.2915 0.7085 1
TCGA-BH-A0HN-01Z-00-DX1 0.7545 0.2455 0
TCGA-E2-A2P5-01Z-00-DX1 0.6880 0.3120 0
TCGA-GM-A3XN-01Z-00-DX1 0.6793 0.3207 1
TCGA-AO-A0J4-01Z-00-DX1 0.3999 0.6001 1
TCGA-BH-A0DG-01Z-00-DX1 0.7211 0.2789 0
TCGA-B6-A0IE-01Z-00-DX1 0.8392 0.1608 0
TCGA-AO-A0J9-01Z-00-DX1 0.7358 0.2642 0
TCGA-A2-A0EP-01Z-00-DX1 0.5159 0.4841 1
TCGA-OL-A66J-01Z-00-DX1 0.4353 0.5647 0
TCGA-BH-A0RX-01Z-00-DX1 0.6489 0.3511 0
TCGA-BH-A18J-01Z-00-DX1 0.2674 0.7326 1
TCGA-B6-A0X7-01Z-00-DX1 0.7989 0.2011 0
TCGA-OL-A66O-01Z-00-DX1 0.0889 0.9111 1
TCGA-E2-A15P-01Z-00-DX1 0.3808 0.6192 0
TCGA-A1-A0SF-01Z-00-DX1 0.8353 0.1647 0
TCGA-MS-A51U-01Z-00-DX1 0.6124 0.3876 0
TCGA-A2-A25A-01Z-00-DX1 0.5526 0.4474 1
TCGA-AC-A3YI-01Z-00-DX1 0.4272 0.5728 1
TCGA-A8-A08B-01Z-00-DX1 0.8529 0.1471 0
TCGA-A1-A0SP-01Z-00-DX1 0.7401 0.2599 0
